2.303198925136337
2.296804306036253
2.2984510199321573
2.2939872964053
2.2881870598726595
2.2948776355285014
2.289487140820274
2.2694313210200487
2.274867287614285
2.269116461109614
2.2292322832631455
2.2286641502620665
2.2713054628124536
2.222009474058823
2.251741871815005
2.2374407086442907
2.2010580249518155
2.2543295176209464
2.2000611133733177
2.191169453072403
2.1951333313420167
2.2228359838980856
2.196822271879486
2.1893180719199803
2.1669398528048758
2.133212480215246
2.1816630241572827
2.188718107174307
2.1525946047467297
2.213634664311468
2.152864117913739
2.264428867410578
2.1895938699225623
2.15800058394384
2.1572862833761395
2.1477232174693537
2.1487605255804203
2.102520720853601
2.148840861559614
2.152209947921368
2.144103603305358
2.163741179090312
2.1558953976959283
2.1541069085927234
2.171714387263555
2.1271663240835337
2.139463577040682
2.1798819757341565
2.149239110820823
2.0760988767693807
2.155729650251759
2.0792073827371214
2.1249824341235537
2.0751670081203435
2.111929456315099
2.162046964047251
2.1519918666558437
2.0674328959951653
2.1355699948000995
2.147302062764327
2.1172633822267866
2.1278501961020275
2.0536014595730485
2.0909314873075155
2.071320480467251
2.1082121021952327
2.143872247024998
2.0805861505205687
2.063733252065343
2.2018799364941346
2.084477468821491
2.0763189473744195
2.155386357949851
2.1052600047350944
2.0914505768184357
2.105996160167496
2.0966021330749642
2.0987503373493177
2.059964453439396
2.0949220645336575
2.0840383631484727
2.099180889654786
2.1064618749373705
2.0607081980490936
2.064365252986721
2.085982259968033
2.1029811074400215
2.030734314712492
2.0026452319293107
2.1584191791893885
2.0630767343174727
2.0811710073569345
2.0697764511521903
2.119183178106756
2.076492584918699
2.0340892755826454
2.070627964555398
2.0147564685370236
2.0386466330869837
2.1317219173313595
2.054015459596098
2.037558457843527
1.9846426584916044
2.0345285012537424
2.085028123158252
2.05474147121702
2.0981779235466567
2.0435356349155525
2.0924128811846168
2.0122671970188106
2.1756638188621653
2.0696011830174315
2.0068083347737593
1.981770838889306
2.0509419703826692
2.0609037182671646
2.074325448119613
2.0450703069956018
2.0415995479721993
2.0213466053000753
2.0036632794005755
2.1666434802177266
2.0005684855197496
1.9960292752662867
1.9848544839817515
2.0298679533167876
1.9933528986144944
2.0375839930232305
2.0384689710246566
2.002799791417539
2.0500942223610106
2.0536293031915216
2.0914277249748334
1.9667158751186757
2.0131415836549764
1.992820746510742
2.0770091637969004
2.049196174411212
1.984477024203532
2.0431394206206113
2.0351555427392833
2.026627624266683
1.9796091655008548
2.0410727379717337
1.9594110724010487
2.0926670716041462
1.9722162840302366
1.9664288673161185
1.9864499757501677
2.029984447771673
1.9652172778638912
2.057043793659744
2.003698401827115
2.027851592887358
1.9507941578927184
2.005432453540327
1.966439779011884
1.9984681211455921
2.0817397827577864
2.001329926808702
1.9838488173003057
1.9113799369093032
1.9943810473818109
1.9546305189562734
2.039279689590809
1.9833657399051408
2.0288493252288333
1.9900377524728463
1.9656247308412294
2.028871940425844
1.9427362773760826
1.9922262843651373
1.9560406732616955
1.9104394073368245
1.9823467094027807
2.031803442680764
1.9366335026502421
1.9754274888359362
1.9928223942042056
1.9173965507058537
1.9685432252440296
1.943840215813685
2.1171500956334373
1.9816040144913365
2.033039690328982
1.9230448972515168
2.020845929003596
1.9789864081023603
1.9230838854766399
2.002353342870437
1.967043456681966
2.002371975036686
1.9377059230356508
1.960869828915499
2.0095374950706155
1.9717574980741936
1.9152828905976862
1.870432363584237
1.9974079064348893
2.00160339896866
